SEED: 1017818790 
     0   1   2   3   4   5   6   7 
   ---------------------------------
 0 | 1 | 3 | B | 2 | 0 | 0 | 0 | 0 |
   ---------------------------------
 1 | 1 | B | B | 3 | 1 | 1 | 0 | 0 |
   ---------------------------------
 2 | 1 | 3 | 3 | 3 | B | 1 | 0 | 0 |
   ---------------------------------
 3 | 1 | 2 | B | 3 | 2 | 1 | 0 | 0 |
   ---------------------------------
 4 | 1 | B | 3 | B | 2 | 1 | 0 | 0 |
   ---------------------------------
 5 | 1 | 1 | 2 | 3 | B | 3 | 1 | 0 |
   ---------------------------------
 6 | 0 | 0 | 0 | 2 | B | B | 1 | 0 |
   ---------------------------------
 7 | 0 | 0 | 0 | 1 | 2 | 2 | 1 | 0 |
   ---------------------------------
